s   V   A   mAh   Wh   Vcc 
7 3,979 0,457 1 0,00 4,610
15 3,986 0,458 2 0,01 4,629
22 3,971 0,456 3 0,01 4,621
30 3,968 0,456 4 0,02 4,629
37 3,954 0,454 5 0,02 4,617
45 3,957 0,455 6 0,02 4,629
52 3,947 0,454 7 0,03 4,625
60 3,946 0,454 8 0,03 4,629
68 3,936 0,452 9 0,03 4,623
75 3,935 0,452 10 0,04 4,621
83 3,937 0,452 11 0,04 4,629
90 3,932 0,452 11 0,05 4,629
98 3,921 0,451 12 0,05 4,621
105 3,927 0,451 13 0,05 4,629
113 3,923 0,451 14 0,06 4,629
120 3,918 0,450 15 0,06 4,629
128 3,918 0,450 16 0,06 4,629
136 3,914 0,450 17 0,07 4,629
143 3,909 0,449 18 0,07 4,629
151 3,909 0,449 19 0,07 4,629
158 3,905 0,449 20 0,08 4,629
166 3,905 0,449 21 0,08 4,629
173 3,900 0,448 22 0,09 4,629
181 3,900 0,448 23 0,09 4,629
188 3,896 0,448 24 0,09 4,629
196 3,896 0,448 25 0,10 4,629
204 3,891 0,447 26 0,10 4,629
211 3,891 0,447 27 0,10 4,629
219 3,889 0,447 27 0,11 4,629
226 3,887 0,447 28 0,11 4,629
234 3,882 0,446 29 0,12 4,629
241 3,873 0,445 30 0,12 4,629
249 3,873 0,445 31 0,12 4,629
256 3,878 0,446 32 0,13 4,629
264 3,866 0,444 33 0,13 4,610
272 3,875 0,445 34 0,13 4,629
279 3,873 0,445 35 0,14 4,629
287 3,864 0,444 36 0,14 4,629
294 3,869 0,445 37 0,14 4,629
302 3,867 0,444 38 0,15 4,629
309 3,863 0,444 39 0,15 4,627
317 3,863 0,444 40 0,15 4,627
325 3,845 0,442 41 0,16 4,612
332 3,860 0,444 41 0,16 4,629
340 3,845 0,442 42 0,17 4,612
347 3,855 0,443 43 0,17 4,629
355 3,854 0,443 44 0,17 4,627
362 3,853 0,443 45 0,18 4,629
370 3,843 0,442 46 0,18 4,612
377 3,842 0,442 47 0,18 4,610
385 3,846 0,442 48 0,19 4,629
393 3,846 0,442 49 0,19 4,629
400 3,844 0,442 50 0,19 4,629
408 3,842 0,442 51 0,20 4,629
415 3,842 0,442 52 0,20 4,629
423 3,837 0,441 53 0,20 4,629
430 3,837 0,441 54 0,21 4,629
438 3,837 0,441 54 0,21 4,629
445 3,825 0,440 55 0,22 4,629
453 3,833 0,441 56 0,22 4,629
461 3,828 0,440 57 0,22 4,623
468 3,831 0,440 58 0,23 4,629
476 3,828 0,440 59 0,23 4,629
483 3,828 0,440 60 0,23 4,629
491 3,824 0,440 61 0,24 4,629
498 3,823 0,439 62 0,24 4,629
506 3,803 0,437 63 0,24 4,610
513 3,813 0,438 64 0,25 4,621
521 3,819 0,439 65 0,25 4,629
529 3,811 0,438 66 0,25 4,625
536 3,814 0,438 66 0,26 4,629
544 3,814 0,438 67 0,26 4,629
551 3,814 0,438 68 0,26 4,629
559 3,813 0,438 69 0,27 4,629
566 3,794 0,436 70 0,27 4,610
574 3,796 0,436 71 0,28 4,612
581 3,810 0,438 72 0,28 4,629
589 3,805 0,437 73 0,28 4,629
597 3,805 0,437 74 0,29 4,629
604 3,805 0,437 75 0,29 4,629
612 3,801 0,437 76 0,29 4,629
619 3,801 0,437 77 0,30 4,629
627 3,801 0,437 77 0,30 4,629
634 3,801 0,437 78 0,30 4,629
642 3,796 0,436 79 0,31 4,629
649 3,792 0,436 80 0,31 4,629
657 3,796 0,436 81 0,31 4,629
665 3,796 0,436 82 0,32 4,629
672 3,792 0,436 83 0,32 4,629
680 3,792 0,436 84 0,32 4,629
687 3,792 0,436 85 0,33 4,629
695 3,787 0,435 86 0,33 4,629
702 3,772 0,434 87 0,33 4,610
710 3,787 0,435 88 0,34 4,629
718 3,787 0,435 88 0,34 4,629
725 3,783 0,435 89 0,34 4,629
733 3,783 0,435 90 0,35 4,629
740 3,783 0,435 91 0,35 4,629
748 3,783 0,435 92 0,36 4,629
755 3,778 0,434 93 0,36 4,629
763 3,775 0,434 94 0,36 4,625
770 3,778 0,434 95 0,37 4,629
778 3,778 0,434 96 0,37 4,629
786 3,769 0,433 97 0,37 4,629
793 3,769 0,433 98 0,38 4,629
801 3,762 0,432 98 0,38 4,631
808 3,773 0,434 99 0,38 4,629
816 3,760 0,432 100 0,39 4,629
823 3,772 0,434 101 0,39 4,629
831 3,756 0,432 102 0,39 4,629
838 3,756 0,432 103 0,40 4,629
846 3,756 0,432 104 0,40 4,629
854 3,756 0,432 105 0,40 4,629
861 3,760 0,432 106 0,41 4,629
869 3,758 0,432 107 0,41 4,629
876 3,756 0,432 108 0,41 4,629
884 3,756 0,432 108 0,42 4,629
891 3,754 0,431 109 0,42 4,629
899 3,751 0,431 110 0,42 4,629
906 3,751 0,431 111 0,43 4,629
914 3,751 0,431 112 0,43 4,629
922 3,751 0,431 113 0,43 4,629
929 3,747 0,431 114 0,44 4,629
937 3,747 0,431 115 0,44 4,629
944 3,747 0,431 116 0,44 4,629
952 3,747 0,431 117 0,45 4,629
959 3,747 0,431 118 0,45 4,629
967 3,743 0,430 118 0,45 4,629
974 3,742 0,430 119 0,46 4,629
982 3,742 0,430 120 0,46 4,629
990 3,742 0,430 121 0,46 4,629
997 3,739 0,430 122 0,47 4,629
1005 3,737 0,430 123 0,47 4,629
1012 3,737 0,430 124 0,47 4,629
1020 3,737 0,430 125 0,48 4,629
1027 3,733 0,429 126 0,48 4,629
1035 3,733 0,429 127 0,48 4,629
1042 3,733 0,429 127 0,49 4,629
1050 3,733 0,429 128 0,49 4,629
1058 3,733 0,429 129 0,49 4,629
1065 3,728 0,429 130 0,50 4,629
1073 3,728 0,429 131 0,50 4,629
1080 3,728 0,429 132 0,50 4,629
1088 3,728 0,429 133 0,51 4,629
1095 3,725 0,428 134 0,51 4,629
1103 3,724 0,428 135 0,51 4,629
1110 3,724 0,428 136 0,52 4,629
1118 3,724 0,428 136 0,52 4,629
1126 3,725 0,428 137 0,52 4,629
1133 3,719 0,428 138 0,53 4,629
1141 3,719 0,428 139 0,53 4,629
1148 3,719 0,428 140 0,53 4,629
1156 3,719 0,428 141 0,54 4,629
1163 3,719 0,428 142 0,54 4,629
1171 3,719 0,428 143 0,54 4,629
1178 3,715 0,427 144 0,55 4,629
1186 3,715 0,427 144 0,55 4,629
1194 3,715 0,427 145 0,55 4,629
1201 3,715 0,427 146 0,56 4,629
1209 3,714 0,427 147 0,56 4,629
1216 3,710 0,426 148 0,56 4,629
1224 3,710 0,426 149 0,57 4,629
1231 3,710 0,426 150 0,57 4,629
1239 3,710 0,426 151 0,57 4,629
1246 3,710 0,426 152 0,58 4,629
1254 3,706 0,426 153 0,58 4,629
1261 3,706 0,426 153 0,58 4,629
1269 3,706 0,426 154 0,59 4,629
1277 3,706 0,426 155 0,59 4,629
1284 3,706 0,426 156 0,59 4,629
1292 3,701 0,425 157 0,60 4,629
1299 3,701 0,425 158 0,60 4,629
1307 3,701 0,425 159 0,60 4,629
1314 3,701 0,425 160 0,61 4,629
1322 3,701 0,425 161 0,61 4,629
1329 3,698 0,425 161 0,61 4,629
1337 3,697 0,425 162 0,62 4,629
1345 3,697 0,425 163 0,62 4,629
1352 3,697 0,425 164 0,62 4,629
1360 3,697 0,425 165 0,63 4,629
1367 3,695 0,425 166 0,63 4,629
1375 3,692 0,424 167 0,63 4,629
1382 3,692 0,424 168 0,64 4,629
1390 3,692 0,424 169 0,64 4,629
1397 3,692 0,424 169 0,64 4,629
1405 3,692 0,424 170 0,65 4,629
1413 3,690 0,424 171 0,65 4,629
1420 3,688 0,424 172 0,65 4,629
1428 3,688 0,424 173 0,66 4,629
1435 3,688 0,424 174 0,66 4,629
1443 3,688 0,424 175 0,66 4,629
1450 3,688 0,424 176 0,67 4,629
1458 3,685 0,424 177 0,67 4,629
1465 3,683 0,423 177 0,67 4,629
1473 3,683 0,423 178 0,68 4,629
1481 3,683 0,423 179 0,68 4,629
1488 3,683 0,423 180 0,68 4,629
1496 3,679 0,423 181 0,69 4,629
1503 3,679 0,423 182 0,69 4,629
1511 3,679 0,423 183 0,69 4,629
1518 3,679 0,423 184 0,70 4,629
1526 3,679 0,423 185 0,70 4,629
1533 3,679 0,423 185 0,70 4,629
1541 3,679 0,423 186 0,71 4,629
1549 3,674 0,422 187 0,71 4,629
1556 3,674 0,422 188 0,71 4,629
1564 3,674 0,422 189 0,72 4,629
1571 3,674 0,422 190 0,72 4,629
1579 3,674 0,422 191 0,72 4,629
1586 3,674 0,422 192 0,73 4,629
1594 3,672 0,422 193 0,73 4,629
1601 3,670 0,422 193 0,73 4,629
1609 3,670 0,422 194 0,74 4,629
1617 3,670 0,422 195 0,74 4,629
1624 3,670 0,422 196 0,74 4,629
1632 3,670 0,422 197 0,75 4,629
1639 3,665 0,421 198 0,75 4,629
1647 3,665 0,421 199 0,75 4,629
1654 3,665 0,421 200 0,75 4,629
1662 3,661 0,421 201 0,76 4,629
1669 3,665 0,421 201 0,76 4,629
1677 3,665 0,421 202 0,76 4,629
1685 3,661 0,421 203 0,77 4,629
1692 3,661 0,421 204 0,77 4,629
1700 3,661 0,421 205 0,77 4,629
1707 3,661 0,421 206 0,78 4,629
1715 3,661 0,421 207 0,78 4,629
1722 3,661 0,421 208 0,78 4,629
1730 3,656 0,420 208 0,79 4,629
1737 3,657 0,420 209 0,79 4,629
1745 3,656 0,420 210 0,79 4,629
1753 3,656 0,420 211 0,80 4,629
1760 3,656 0,420 212 0,80 4,629
1768 3,656 0,420 213 0,80 4,629
1775 3,652 0,420 214 0,81 4,629
1783 3,652 0,420 215 0,81 4,629
1790 3,652 0,420 216 0,81 4,629
1798 3,652 0,420 216 0,82 4,629
1805 3,652 0,420 217 0,82 4,629
1813 3,652 0,420 218 0,82 4,629
1820 3,652 0,420 219 0,83 4,629
1828 3,647 0,419 220 0,83 4,629
1836 3,647 0,419 221 0,83 4,629
1843 3,647 0,419 222 0,84 4,629
1851 3,647 0,419 223 0,84 4,629
1858 3,647 0,419 223 0,84 4,629
1866 3,647 0,419 224 0,84 4,629
1873 3,647 0,419 225 0,85 4,629
1881 3,646 0,419 226 0,85 4,629
1888 3,642 0,419 227 0,85 4,629
1896 3,642 0,419 228 0,86 4,629
1904 3,642 0,419 229 0,86 4,629
1911 3,642 0,419 230 0,86 4,629
1919 3,642 0,419 230 0,87 4,629
1926 3,642 0,419 231 0,87 4,629
1934 3,638 0,418 232 0,87 4,629
1941 3,638 0,418 233 0,88 4,629
1949 3,638 0,418 234 0,88 4,629
1956 3,638 0,418 235 0,88 4,629
1964 3,638 0,418 236 0,89 4,629
1972 3,638 0,418 237 0,89 4,629
1979 3,638 0,418 238 0,89 4,629
1987 3,635 0,418 238 0,90 4,629
1994 3,633 0,418 239 0,90 4,629
2002 3,633 0,418 240 0,90 4,629
2009 3,633 0,418 241 0,91 4,629
2017 3,633 0,418 242 0,91 4,629
2024 3,633 0,418 243 0,91 4,629
2032 3,633 0,418 244 0,92 4,629
2040 3,629 0,417 245 0,92 4,629
2047 3,629 0,417 245 0,92 4,629
2055 3,629 0,417 246 0,92 4,629
2062 3,629 0,417 247 0,93 4,629
2070 3,629 0,417 248 0,93 4,629
2077 3,629 0,417 249 0,93 4,629
2085 3,629 0,417 250 0,94 4,629
2092 3,628 0,417 251 0,94 4,629
2100 3,624 0,417 252 0,94 4,629
2108 3,624 0,417 252 0,95 4,629
2115 3,624 0,417 253 0,95 4,629
2123 3,624 0,417 254 0,95 4,629
2130 3,624 0,417 255 0,96 4,629
2138 3,624 0,417 256 0,96 4,629
2145 3,624 0,417 257 0,96 4,629
2153 3,620 0,416 258 0,97 4,629
2160 3,620 0,416 259 0,97 4,629
2168 3,620 0,416 259 0,97 4,629
2176 3,620 0,416 260 0,98 4,629
2183 3,620 0,416 261 0,98 4,629
2191 3,620 0,416 262 0,98 4,629
2198 3,620 0,416 263 0,98 4,629
2206 3,620 0,416 264 0,99 4,629
2213 3,615 0,416 265 0,99 4,629
2221 3,615 0,416 265 0,99 4,629
2228 3,615 0,416 266 1,00 4,629
2236 3,615 0,416 267 1,00 4,629
2244 3,615 0,416 268 1,00 4,629
2251 3,615 0,416 269 1,01 4,629
2259 3,615 0,416 270 1,01 4,629
2266 3,615 0,416 271 1,01 4,629
2274 3,611 0,415 272 1,02 4,629
2281 3,611 0,415 272 1,02 4,629
2289 3,611 0,415 273 1,02 4,629
2296 3,611 0,415 274 1,03 4,629
2304 3,611 0,415 275 1,03 4,629
2312 3,611 0,415 276 1,03 4,629
2319 3,611 0,415 277 1,04 4,629
2327 3,610 0,415 278 1,04 4,629
2334 3,606 0,415 279 1,04 4,629
2342 3,606 0,415 279 1,04 4,629
2349 3,606 0,415 280 1,05 4,629
2357 3,606 0,415 281 1,05 4,629
2364 3,606 0,415 282 1,05 4,629
2372 3,606 0,415 283 1,06 4,629
2380 3,606 0,415 284 1,06 4,629
2387 3,603 0,414 285 1,06 4,629
2395 3,602 0,414 286 1,07 4,629
2402 3,602 0,414 286 1,07 4,629
2410 3,602 0,414 287 1,07 4,629
2417 3,602 0,414 288 1,08 4,629
2425 3,602 0,414 289 1,08 4,629
2432 3,602 0,414 290 1,08 4,629
2440 3,585 0,412 291 1,09 4,614
2448 3,603 0,414 292 1,09 4,625
2455 3,606 0,415 292 1,09 4,629
2463 3,602 0,414 293 1,09 4,629
2470 3,597 0,413 294 1,10 4,629
2478 3,597 0,413 295 1,10 4,629
2485 3,597 0,413 296 1,10 4,629
2493 3,597 0,413 297 1,11 4,629
2500 3,597 0,413 298 1,11 4,629
2508 3,597 0,413 299 1,11 4,629
2516 3,593 0,413 299 1,12 4,629
2523 3,594 0,413 300 1,12 4,629
2531 3,593 0,413 301 1,12 4,629
2538 3,593 0,413 302 1,13 4,629
2546 3,593 0,413 303 1,13 4,629
2553 3,597 0,413 304 1,13 4,629
2561 3,597 0,413 305 1,14 4,629
2568 3,597 0,413 305 1,14 4,629
2576 3,597 0,413 306 1,14 4,629
2584 3,596 0,413 307 1,14 4,629
2591 3,597 0,413 308 1,15 4,629
2599 3,593 0,413 309 1,15 4,629
2606 3,593 0,413 310 1,15 4,629
2614 3,593 0,413 311 1,16 4,629
2621 3,593 0,413 312 1,16 4,629
2629 3,593 0,413 312 1,16 4,629
2636 3,593 0,413 313 1,17 4,629
2644 3,593 0,413 314 1,17 4,629
2652 3,591 0,413 315 1,17 4,629
2659 3,588 0,412 316 1,18 4,629
2667 3,588 0,412 317 1,18 4,629
2674 3,588 0,412 318 1,18 4,629
2682 3,588 0,412 318 1,19 4,629
2689 3,588 0,412 319 1,19 4,629
2697 3,588 0,412 320 1,19 4,629
2704 3,585 0,412 321 1,19 4,629
2712 3,584 0,412 322 1,20 4,629
2720 3,584 0,412 323 1,20 4,629
2727 3,584 0,412 324 1,20 4,629
2735 3,584 0,412 325 1,21 4,629
2742 3,584 0,412 325 1,21 4,629
2750 3,584 0,412 326 1,21 4,629
2757 3,584 0,412 327 1,22 4,629
2765 3,584 0,412 328 1,22 4,629
2772 3,584 0,412 329 1,22 4,629
2780 3,579 0,411 330 1,23 4,629
2788 3,579 0,411 331 1,23 4,629
2795 3,579 0,411 331 1,23 4,629
2803 3,579 0,411 332 1,23 4,629
2810 3,579 0,411 333 1,24 4,629
2818 3,579 0,411 334 1,24 4,629
2825 3,579 0,411 335 1,24 4,629
2833 3,579 0,411 336 1,25 4,629
2840 3,575 0,411 337 1,25 4,629
2848 3,575 0,411 337 1,25 4,629
2856 3,575 0,411 338 1,26 4,629
2863 3,575 0,411 339 1,26 4,629
2871 3,575 0,411 340 1,26 4,629
2878 3,575 0,411 341 1,27 4,629
2886 3,575 0,411 342 1,27 4,629
2893 3,575 0,411 343 1,27 4,629
2901 3,572 0,411 344 1,27 4,629
2908 3,570 0,410 344 1,28 4,629
2916 3,570 0,410 345 1,28 4,629
2924 3,570 0,410 346 1,28 4,629
2931 3,570 0,410 347 1,29 4,629
2939 3,570 0,410 348 1,29 4,629
2946 3,570 0,410 349 1,29 4,629
2954 3,570 0,410 350 1,30 4,629
2961 3,566 0,410 350 1,30 4,629
2969 3,566 0,410 351 1,30 4,629
2976 3,566 0,410 352 1,31 4,629
2984 3,566 0,410 353 1,31 4,629
2992 3,566 0,410 354 1,31 4,629
2999 3,566 0,410 355 1,31 4,629
3007 3,566 0,410 356 1,32 4,629
3014 3,566 0,410 356 1,32 4,629
3022 3,563 0,410 357 1,32 4,629
3029 3,561 0,409 358 1,33 4,629
3037 3,561 0,409 359 1,33 4,629
3044 3,561 0,409 360 1,33 4,629
3052 3,561 0,409 361 1,34 4,629
3060 3,561 0,409 362 1,34 4,629
3067 3,561 0,409 362 1,34 4,629
3075 3,561 0,409 363 1,35 4,629
3082 3,561 0,409 364 1,35 4,629
3090 3,556 0,409 365 1,35 4,629
3097 3,556 0,409 366 1,35 4,629
3105 3,556 0,409 367 1,36 4,629
3112 3,556 0,409 368 1,36 4,629
3120 3,556 0,409 368 1,36 4,629
3128 3,556 0,409 369 1,37 4,629
3135 3,556 0,409 370 1,37 4,629
3143 3,552 0,408 371 1,37 4,629
3150 3,552 0,408 372 1,38 4,629
3158 3,552 0,408 373 1,38 4,629
3165 3,552 0,408 374 1,38 4,629
3173 3,552 0,408 374 1,39 4,629
3180 3,552 0,408 375 1,39 4,629
3188 3,552 0,408 376 1,39 4,629
3196 3,552 0,408 377 1,39 4,629
3203 3,552 0,408 378 1,40 4,629
3211 3,552 0,408 379 1,40 4,629
3218 3,547 0,408 380 1,40 4,629
3226 3,547 0,408 380 1,41 4,629
3233 3,547 0,408 381 1,41 4,629
3241 3,547 0,408 382 1,41 4,629
3248 3,547 0,408 383 1,42 4,629
3256 3,547 0,408 384 1,42 4,629
3264 3,547 0,408 385 1,42 4,629
3271 3,547 0,408 386 1,42 4,629
3279 3,543 0,407 386 1,43 4,629
3286 3,543 0,407 387 1,43 4,629
3294 3,543 0,407 388 1,43 4,629
3301 3,543 0,407 389 1,44 4,629
3309 3,543 0,407 390 1,44 4,629
3316 3,543 0,407 391 1,44 4,629
3324 3,543 0,407 392 1,45 4,629
3332 3,543 0,407 392 1,45 4,629
3339 3,542 0,407 393 1,45 4,629
3347 3,538 0,407 394 1,45 4,629
3354 3,538 0,407 395 1,46 4,629
3362 3,538 0,407 396 1,46 4,629
3369 3,538 0,407 397 1,46 4,629
3377 3,538 0,407 398 1,47 4,629
3384 3,538 0,407 398 1,47 4,629
3392 3,538 0,407 399 1,47 4,629
3400 3,538 0,407 400 1,48 4,629
3407 3,537 0,407 401 1,48 4,629
3415 3,534 0,406 402 1,48 4,629
3422 3,534 0,406 403 1,48 4,629
3430 3,534 0,406 404 1,49 4,629
3437 3,534 0,406 404 1,49 4,629
3445 3,534 0,406 405 1,49 4,629
3452 3,534 0,406 406 1,50 4,629
3460 3,534 0,406 407 1,50 4,629
3468 3,534 0,406 408 1,50 4,629
3475 3,529 0,406 409 1,51 4,629
3483 3,529 0,406 409 1,51 4,629
3490 3,529 0,406 410 1,51 4,629
3498 3,529 0,406 411 1,52 4,629
3505 3,529 0,406 412 1,52 4,629
3513 3,529 0,406 413 1,52 4,629
3520 3,529 0,406 414 1,52 4,629
3528 3,529 0,406 415 1,53 4,629
3536 3,525 0,405 415 1,53 4,629
3543 3,525 0,405 416 1,53 4,629
3551 3,525 0,405 417 1,54 4,629
3558 3,525 0,405 418 1,54 4,629
3566 3,525 0,405 419 1,54 4,629
3573 3,525 0,405 420 1,55 4,629
3581 3,525 0,405 421 1,55 4,629
3588 3,525 0,405 421 1,55 4,629
3596 3,520 0,405 422 1,55 4,629
3604 3,520 0,405 423 1,56 4,629
3611 3,520 0,405 424 1,56 4,629
3619 3,520 0,405 425 1,56 4,629
3626 3,520 0,405 426 1,57 4,629
3634 3,520 0,405 426 1,57 4,629
3641 3,520 0,405 427 1,57 4,629
3649 3,520 0,405 428 1,57 4,629
3656 3,516 0,404 429 1,58 4,629
3664 3,516 0,404 430 1,58 4,629
3671 3,516 0,404 431 1,58 4,629
3679 3,516 0,404 432 1,59 4,629
3687 3,516 0,404 432 1,59 4,629
3694 3,516 0,404 433 1,59 4,629
3702 3,516 0,404 434 1,60 4,629
3709 3,515 0,404 435 1,60 4,629
3717 3,511 0,404 436 1,60 4,629
3724 3,511 0,404 437 1,60 4,629
3732 3,511 0,404 438 1,61 4,629
3739 3,511 0,404 438 1,61 4,629
3747 3,511 0,404 439 1,61 4,629
3755 3,511 0,404 440 1,62 4,629
3762 3,511 0,404 441 1,62 4,629
3770 3,511 0,404 442 1,62 4,629
3777 3,507 0,403 443 1,63 4,629
3785 3,507 0,403 443 1,63 4,629
3792 3,507 0,403 444 1,63 4,629
3800 3,507 0,403 445 1,63 4,629
3807 3,507 0,403 446 1,64 4,629
3815 3,507 0,403 447 1,64 4,629
3823 3,507 0,403 448 1,64 4,629
3830 3,507 0,403 449 1,65 4,629
3838 3,503 0,403 449 1,65 4,629
3845 3,502 0,403 450 1,65 4,629
3853 3,502 0,403 451 1,66 4,629
3860 3,502 0,403 452 1,66 4,629
3868 3,502 0,403 453 1,66 4,629
3875 3,502 0,403 454 1,66 4,629
3883 3,502 0,403 454 1,67 4,629
3891 3,502 0,403 455 1,67 4,629
3898 3,502 0,403 456 1,67 4,629
3906 3,498 0,402 457 1,68 4,629
3913 3,498 0,402 458 1,68 4,629
3921 3,498 0,402 459 1,68 4,629
3928 3,498 0,402 459 1,68 4,629
3936 3,498 0,402 460 1,69 4,629
3943 3,498 0,402 461 1,69 4,629
3951 3,498 0,402 462 1,69 4,629
3959 3,498 0,402 463 1,70 4,629
3966 3,493 0,402 464 1,70 4,629
3974 3,493 0,402 465 1,70 4,629
3981 3,493 0,402 465 1,71 4,629
3989 3,493 0,402 466 1,71 4,629
3996 3,493 0,402 467 1,71 4,629
4004 3,493 0,402 468 1,71 4,629
4011 3,493 0,402 469 1,72 4,629
4019 3,493 0,402 470 1,72 4,629
4027 3,489 0,401 470 1,72 4,629
4034 3,489 0,401 471 1,73 4,629
4042 3,489 0,401 472 1,73 4,629
4049 3,489 0,401 473 1,73 4,629
4057 3,489 0,401 474 1,73 4,629
4064 3,489 0,401 475 1,74 4,629
4072 3,489 0,401 475 1,74 4,629
4079 3,484 0,400 476 1,74 4,629
4087 3,484 0,400 477 1,75 4,629
4095 3,484 0,400 478 1,75 4,629
4102 3,484 0,400 479 1,75 4,629
4110 3,484 0,400 480 1,76 4,629
4117 3,480 0,400 481 1,76 4,629
4125 3,480 0,400 481 1,76 4,629
4132 3,484 0,400 482 1,76 4,629
4140 3,480 0,400 483 1,77 4,629
4147 3,480 0,400 484 1,77 4,629
4155 3,480 0,400 485 1,77 4,629
4163 3,480 0,400 486 1,78 4,629
4170 3,480 0,400 486 1,78 4,629
4178 3,480 0,400 487 1,78 4,629
4185 3,480 0,400 488 1,78 4,629
4193 3,475 0,399 489 1,79 4,629
4200 3,475 0,399 490 1,79 4,629
4208 3,475 0,399 491 1,79 4,629
4215 3,475 0,399 491 1,80 4,629
4223 3,475 0,399 492 1,80 4,629
4231 3,475 0,399 493 1,80 4,629
4238 3,475 0,399 494 1,80 4,629
4246 3,475 0,399 495 1,81 4,629
4253 3,473 0,399 496 1,81 4,629
4261 3,471 0,399 496 1,81 4,629
4268 3,471 0,399 497 1,82 4,629
4276 3,471 0,399 498 1,82 4,629
4283 3,471 0,399 499 1,82 4,629
4291 3,471 0,399 500 1,83 4,629
4299 3,471 0,399 501 1,83 4,629
4306 3,471 0,399 501 1,83 4,629
4314 3,471 0,399 502 1,83 4,629
4321 3,466 0,398 503 1,84 4,629
4329 3,466 0,398 504 1,84 4,629
4336 3,466 0,398 505 1,84 4,629
4344 3,466 0,398 506 1,85 4,629
4351 3,466 0,398 507 1,85 4,629
4359 3,466 0,398 507 1,85 4,629
4367 3,466 0,398 508 1,85 4,629
4374 3,466 0,398 509 1,86 4,629
4382 3,461 0,398 510 1,86 4,629
4389 3,461 0,398 511 1,86 4,629
4397 3,461 0,398 512 1,87 4,629
4404 3,461 0,398 512 1,87 4,629
4412 3,461 0,398 513 1,87 4,629
4419 3,461 0,398 514 1,87 4,629
4427 3,461 0,398 515 1,88 4,629
4435 3,460 0,398 516 1,88 4,629
4442 3,457 0,397 517 1,88 4,629
4450 3,457 0,397 517 1,89 4,629
4457 3,457 0,397 518 1,89 4,629
4465 3,457 0,397 519 1,89 4,629
4472 3,457 0,397 520 1,89 4,629
4480 3,457 0,397 521 1,90 4,629
4487 3,452 0,397 522 1,90 4,629
4495 3,452 0,397 522 1,90 4,629
4503 3,452 0,397 523 1,91 4,629
4510 3,452 0,397 524 1,91 4,629
4518 3,452 0,397 525 1,91 4,629
4525 3,452 0,397 526 1,91 4,629
4533 3,452 0,397 527 1,92 4,629
4540 3,452 0,397 527 1,92 4,629
4548 3,448 0,396 528 1,92 4,629
4555 3,448 0,396 529 1,93 4,629
4563 3,448 0,396 530 1,93 4,629
4571 3,448 0,396 531 1,93 4,629
4578 3,448 0,396 532 1,93 4,629
4586 3,448 0,396 532 1,94 4,629
4593 3,448 0,396 533 1,94 4,629
4601 3,447 0,396 534 1,94 4,629
4608 3,447 0,396 535 1,95 4,629
4616 3,443 0,396 536 1,95 4,629
4623 3,443 0,396 537 1,95 4,629
4631 3,443 0,396 537 1,95 4,629
4639 3,443 0,396 538 1,96 4,629
4646 3,443 0,396 539 1,96 4,629
4654 3,443 0,396 540 1,96 4,629
4661 3,443 0,396 541 1,97 4,629
4669 3,439 0,395 541 1,97 4,629
4676 3,439 0,395 542 1,97 4,629
4684 3,439 0,395 543 1,97 4,629
4691 3,439 0,395 544 1,98 4,629
4699 3,439 0,395 545 1,98 4,629
4707 3,439 0,395 546 1,98 4,629
4714 3,439 0,395 546 1,99 4,629
4722 3,439 0,395 547 1,99 4,629
4729 3,434 0,395 548 1,99 4,629
4737 3,434 0,395 549 1,99 4,629
4744 3,434 0,395 550 2,00 4,629
4752 3,434 0,395 551 2,00 4,629
4759 3,434 0,395 551 2,00 4,629
4767 3,434 0,395 552 2,01 4,629
4775 3,434 0,395 553 2,01 4,629
4782 3,430 0,394 554 2,01 4,629
4790 3,430 0,394 555 2,01 4,629
4797 3,430 0,394 556 2,02 4,629
4805 3,430 0,394 556 2,02 4,629
4812 3,430 0,394 557 2,02 4,629
4820 3,430 0,394 558 2,03 4,629
4827 3,430 0,394 559 2,03 4,629
4835 3,430 0,394 560 2,03 4,629
4842 3,428 0,394 561 2,03 4,629
4850 3,425 0,394 561 2,04 4,629
4858 3,425 0,394 562 2,04 4,629
4865 3,425 0,394 563 2,04 4,629
4873 3,425 0,394 564 2,05 4,629
4880 3,425 0,394 565 2,05 4,629
4888 3,425 0,394 565 2,05 4,629
4895 3,425 0,394 566 2,05 4,629
4903 3,422 0,393 567 2,06 4,629
4910 3,421 0,393 568 2,06 4,629
4918 3,421 0,393 569 2,06 4,629
4926 3,421 0,393 570 2,07 4,629
4933 3,421 0,393 570 2,07 4,629
4941 3,421 0,393 571 2,07 4,629
4948 3,421 0,393 572 2,07 4,629
4956 3,421 0,393 573 2,08 4,629
4963 3,421 0,393 574 2,08 4,629
4971 3,416 0,393 575 2,08 4,629
4978 3,416 0,393 575 2,09 4,629
4986 3,416 0,393 576 2,09 4,629
4994 3,416 0,393 577 2,09 4,629
5001 3,416 0,393 578 2,09 4,629
5009 3,416 0,393 579 2,10 4,629
5016 3,416 0,393 580 2,10 4,629
5024 3,414 0,392 580 2,10 4,629
5031 3,412 0,392 581 2,11 4,629
5039 3,412 0,392 582 2,11 4,629
5046 3,412 0,392 583 2,11 4,629
5054 3,412 0,392 584 2,11 4,629
5062 3,412 0,392 584 2,12 4,629
5069 3,412 0,392 585 2,12 4,629
5077 3,412 0,392 586 2,12 4,629
5084 3,408 0,392 587 2,12 4,629
5092 3,407 0,392 588 2,13 4,629
5099 3,407 0,392 589 2,13 4,629
5107 3,407 0,392 589 2,13 4,629
5114 3,407 0,392 590 2,14 4,629
5122 3,407 0,392 591 2,14 4,629
5130 3,407 0,392 592 2,14 4,629
5137 3,407 0,392 593 2,14 4,629
5145 3,403 0,391 593 2,15 4,629
5152 3,403 0,391 594 2,15 4,629
5160 3,403 0,391 595 2,15 4,629
5167 3,403 0,391 596 2,16 4,629
5175 3,403 0,391 597 2,16 4,629
5182 3,403 0,391 598 2,16 4,629
5190 3,403 0,391 598 2,16 4,629
5198 3,403 0,391 599 2,17 4,629
5205 3,400 0,391 600 2,17 4,629
5213 3,398 0,391 601 2,17 4,629
5220 3,384 0,389 602 2,18 4,610
5228 3,398 0,391 603 2,18 4,629
5235 3,398 0,391 603 2,18 4,629
5243 3,398 0,391 604 2,18 4,629
5250 3,398 0,391 605 2,19 4,629
5258 3,398 0,391 606 2,19 4,629
5266 3,394 0,390 607 2,19 4,629
5273 3,394 0,390 607 2,19 4,629
5281 3,395 0,390 608 2,20 4,629
5288 3,394 0,390 609 2,20 4,629
5296 3,394 0,390 610 2,20 4,629
5303 3,394 0,390 611 2,21 4,629
5311 3,394 0,390 612 2,21 4,629
5318 3,393 0,390 612 2,21 4,629
5326 3,390 0,390 613 2,21 4,629
5334 3,389 0,390 614 2,22 4,629
5341 3,389 0,390 615 2,22 4,629
5349 3,389 0,390 616 2,22 4,629
5356 3,389 0,390 616 2,23 4,629
5364 3,389 0,390 617 2,23 4,629
5371 3,389 0,390 618 2,23 4,629
5379 3,387 0,389 619 2,23 4,629
5386 3,389 0,390 620 2,24 4,629
5394 3,385 0,389 621 2,24 4,629
5402 3,385 0,389 621 2,24 4,629
5409 3,385 0,389 622 2,24 4,629
5417 3,385 0,389 623 2,25 4,629
5424 3,385 0,389 624 2,25 4,629
5432 3,385 0,389 625 2,25 4,629
5439 3,385 0,389 625 2,26 4,629
5447 3,385 0,389 626 2,26 4,629
5454 3,380 0,389 627 2,26 4,629
5462 3,380 0,389 628 2,26 4,629
5470 3,380 0,389 629 2,27 4,629
5477 3,380 0,389 629 2,27 4,629
5485 3,380 0,389 630 2,27 4,629
5492 3,380 0,389 631 2,27 4,629
5500 3,380 0,389 632 2,28 4,629
5507 3,380 0,388 633 2,28 4,629
5515 3,377 0,388 634 2,28 4,629
5522 3,375 0,388 634 2,29 4,629
5530 3,375 0,388 635 2,29 4,629
5538 3,375 0,388 636 2,29 4,629
5545 3,375 0,388 637 2,29 4,629
5553 3,375 0,388 638 2,30 4,629
5560 3,375 0,388 638 2,30 4,629
5568 3,375 0,388 639 2,30 4,629
5575 3,371 0,387 640 2,31 4,629
5583 3,371 0,387 641 2,31 4,629
5590 3,371 0,387 642 2,31 4,629
5598 3,371 0,387 643 2,31 4,629
5606 3,371 0,387 643 2,32 4,629
5613 3,371 0,387 644 2,32 4,629
5621 3,371 0,387 645 2,32 4,629
5628 3,371 0,387 646 2,32 4,629
5636 3,366 0,387 647 2,33 4,629
5643 3,366 0,387 647 2,33 4,629
5651 3,366 0,387 648 2,33 4,629
5658 3,366 0,387 649 2,34 4,629
5666 3,366 0,387 650 2,34 4,629
5674 3,366 0,387 651 2,34 4,629
5681 3,366 0,387 651 2,34 4,629
5689 3,364 0,387 652 2,35 4,629
5696 3,362 0,386 653 2,35 4,629
5704 3,362 0,386 654 2,35 4,629
5711 3,362 0,386 655 2,35 4,629
5719 3,362 0,386 656 2,36 4,629
5726 3,362 0,386 656 2,36 4,629
5734 3,362 0,386 657 2,36 4,629
5741 3,362 0,386 658 2,37 4,629
5749 3,360 0,386 659 2,37 4,629
5757 3,357 0,386 660 2,37 4,629
5764 3,357 0,386 660 2,37 4,629
5772 3,357 0,386 661 2,38 4,629
5779 3,357 0,386 662 2,38 4,629
5787 3,357 0,386 663 2,38 4,629
5794 3,357 0,386 664 2,38 4,629
5802 3,356 0,386 664 2,39 4,629
5809 3,357 0,386 665 2,39 4,629
5817 3,353 0,385 666 2,39 4,629
5825 3,353 0,385 667 2,40 4,629
5832 3,353 0,385 668 2,40 4,629
5840 3,353 0,385 668 2,40 4,629
5847 3,353 0,385 669 2,40 4,629
5855 3,353 0,385 670 2,41 4,629
5862 3,353 0,385 671 2,41 4,629
5870 3,348 0,385 672 2,41 4,629
5877 3,348 0,385 673 2,41 4,629
5885 3,348 0,385 673 2,42 4,629
5893 3,348 0,385 674 2,42 4,629
5900 3,348 0,385 675 2,42 4,629
5908 3,348 0,385 676 2,42 4,629
5915 3,344 0,384 677 2,43 4,629
5923 3,344 0,384 677 2,43 4,629
5930 3,344 0,384 678 2,43 4,629
5938 3,344 0,384 679 2,44 4,629
5945 3,344 0,384 680 2,44 4,629
5953 3,344 0,384 681 2,44 4,629
5961 3,344 0,384 681 2,44 4,629
5968 3,339 0,384 682 2,45 4,629
5976 3,339 0,384 683 2,45 4,629
5983 3,339 0,384 684 2,45 4,629
5991 3,339 0,384 685 2,45 4,629
5998 3,339 0,384 685 2,46 4,629
6006 3,339 0,384 686 2,46 4,629
6013 3,339 0,384 687 2,46 4,629
6021 3,339 0,384 688 2,47 4,629
6029 3,335 0,383 689 2,47 4,629
6036 3,335 0,383 689 2,47 4,629
6044 3,333 0,383 690 2,47 4,629
6051 3,335 0,383 691 2,48 4,629
6059 3,330 0,383 692 2,48 4,629
6066 3,327 0,382 693 2,48 4,617
6074 3,330 0,383 693 2,48 4,629
6081 3,330 0,383 694 2,49 4,629
6089 3,330 0,383 695 2,49 4,629
6097 3,330 0,383 696 2,49 4,629
6104 3,326 0,382 697 2,49 4,629
6112 3,330 0,383 697 2,50 4,629
6119 3,330 0,383 698 2,50 4,629
6127 3,330 0,383 699 2,50 4,629
6134 3,328 0,383 700 2,51 4,629
6142 3,326 0,382 701 2,51 4,629
6149 3,326 0,382 701 2,51 4,629
6157 3,326 0,382 702 2,51 4,629
6165 3,326 0,382 703 2,52 4,629
6172 3,326 0,382 704 2,52 4,629
6180 3,326 0,382 705 2,52 4,629
6187 3,326 0,382 705 2,52 4,629
6195 3,321 0,382 706 2,53 4,629
6202 3,321 0,382 707 2,53 4,629
6210 3,321 0,382 708 2,53 4,629
6217 3,321 0,382 709 2,53 4,629
6225 3,321 0,382 709 2,54 4,629
6233 3,321 0,382 710 2,54 4,629
6240 3,317 0,381 711 2,54 4,629
6248 3,317 0,381 712 2,55 4,629
6255 3,317 0,381 713 2,55 4,629
6263 3,317 0,381 714 2,55 4,629
6270 3,317 0,381 714 2,55 4,629
6278 3,317 0,381 715 2,56 4,629
6285 3,313 0,381 716 2,56 4,629
6293 3,312 0,381 717 2,56 4,629
6301 3,312 0,381 717 2,56 4,629
6308 3,312 0,381 718 2,57 4,629
6316 3,312 0,381 719 2,57 4,629
6323 3,312 0,381 720 2,57 4,629
6331 3,308 0,380 721 2,57 4,629
6338 3,308 0,380 721 2,58 4,629
6346 3,308 0,380 722 2,58 4,629
6353 3,308 0,380 723 2,58 4,629
6361 3,308 0,380 724 2,59 4,629
6369 3,308 0,380 725 2,59 4,629
6376 3,303 0,380 725 2,59 4,629
6384 3,303 0,380 726 2,59 4,629
6391 3,303 0,380 727 2,60 4,629
6399 3,303 0,380 728 2,60 4,629
6406 3,303 0,380 729 2,60 4,629
6414 3,303 0,380 729 2,60 4,629
6421 3,299 0,379 730 2,61 4,629
6429 3,299 0,379 731 2,61 4,629
6437 3,299 0,379 732 2,61 4,629
6444 3,299 0,379 733 2,61 4,629
6452 3,299 0,379 733 2,62 4,629
6459 3,294 0,379 734 2,62 4,629
6467 3,294 0,379 735 2,62 4,629
6474 3,294 0,379 736 2,62 4,629
6482 3,294 0,379 737 2,63 4,629
6489 3,294 0,379 737 2,63 4,629
6497 3,294 0,379 738 2,63 4,629
6505 3,290 0,378 739 2,63 4,629
6512 3,290 0,378 740 2,64 4,629
6520 3,290 0,378 741 2,64 4,629
6527 3,290 0,378 741 2,64 4,629
6535 3,290 0,378 742 2,65 4,629
6542 3,288 0,378 743 2,65 4,629
6550 3,285 0,378 744 2,65 4,629
6557 3,285 0,378 745 2,65 4,629
6565 3,285 0,378 745 2,66 4,629
6573 3,285 0,378 746 2,66 4,629
6580 3,285 0,378 747 2,66 4,629
6588 3,285 0,378 748 2,66 4,629
6595 3,280 0,377 749 2,67 4,629
6603 3,280 0,377 749 2,67 4,629
6610 3,280 0,377 750 2,67 4,629
6618 3,280 0,377 751 2,67 4,629
6625 3,280 0,377 752 2,68 4,629
6633 3,276 0,377 752 2,68 4,629
6640 3,276 0,377 753 2,68 4,629
6648 3,276 0,377 754 2,68 4,629
6656 3,276 0,377 755 2,69 4,629
6663 3,274 0,376 756 2,69 4,629
6671 3,271 0,376 756 2,69 4,629
6678 3,271 0,376 757 2,69 4,629
6686 3,271 0,376 758 2,70 4,629
6693 3,271 0,376 759 2,70 4,629
6701 3,271 0,376 760 2,70 4,629
6708 3,267 0,376 760 2,71 4,629
6716 3,267 0,376 761 2,71 4,629
6724 3,267 0,376 762 2,71 4,629
6731 3,267 0,376 763 2,71 4,629
6739 3,267 0,376 764 2,72 4,629
6746 3,266 0,375 764 2,72 4,629
6754 3,262 0,375 765 2,72 4,629
6761 3,262 0,375 766 2,72 4,629
6769 3,262 0,375 767 2,73 4,629
6776 3,262 0,375 767 2,73 4,629
6784 3,262 0,375 768 2,73 4,629
6792 3,258 0,374 769 2,73 4,629
6799 3,258 0,374 770 2,74 4,629
6807 3,258 0,374 771 2,74 4,629
6814 3,258 0,374 771 2,74 4,629
6822 3,258 0,374 772 2,74 4,629
6829 3,253 0,374 773 2,75 4,629
6837 3,253 0,374 774 2,75 4,629
6844 3,253 0,374 775 2,75 4,629
6852 3,253 0,374 775 2,75 4,629
6860 3,253 0,374 776 2,76 4,629
6867 3,249 0,373 777 2,76 4,629
6875 3,249 0,373 778 2,76 4,629
6882 3,249 0,373 778 2,76 4,629
6890 3,249 0,373 779 2,77 4,629
6897 3,249 0,373 780 2,77 4,629
6905 3,244 0,373 781 2,77 4,629
6912 3,244 0,373 782 2,77 4,629
6920 3,244 0,373 782 2,78 4,629
6928 3,244 0,373 783 2,78 4,629
6935 3,242 0,373 784 2,78 4,629
6943 3,240 0,372 785 2,78 4,629
6950 3,240 0,372 785 2,79 4,629
6958 3,240 0,372 786 2,79 4,629
6965 3,240 0,372 787 2,79 4,629
6973 3,235 0,372 788 2,79 4,629
6980 3,235 0,372 789 2,80 4,629
6988 3,235 0,372 789 2,80 4,629
6996 3,235 0,372 790 2,80 4,629
7003 3,235 0,372 791 2,80 4,629
7011 3,231 0,371 792 2,81 4,629
7018 3,231 0,371 793 2,81 4,629
7026 3,231 0,371 793 2,81 4,629
7033 3,231 0,371 794 2,81 4,629
7041 3,231 0,371 795 2,82 4,629
7048 3,226 0,371 796 2,82 4,629
7056 3,226 0,371 796 2,82 4,629
7064 3,226 0,371 797 2,82 4,629
7071 3,226 0,371 798 2,83 4,629
7079 3,222 0,370 799 2,83 4,629
7086 3,222 0,370 800 2,83 4,629
7094 3,222 0,370 800 2,83 4,629
7101 3,222 0,370 801 2,84 4,629
7109 3,222 0,370 802 2,84 4,629
7116 3,217 0,370 803 2,84 4,629
7124 3,217 0,370 803 2,84 4,629
7132 3,217 0,370 804 2,85 4,629
7139 3,217 0,370 805 2,85 4,629
7147 3,213 0,369 806 2,85 4,629
7154 3,213 0,369 806 2,85 4,629
7162 3,213 0,369 807 2,86 4,629
7169 3,213 0,369 808 2,86 4,629
7177 3,208 0,369 809 2,86 4,629
7184 3,208 0,369 810 2,86 4,629
7192 3,208 0,369 810 2,87 4,629
7200 3,208 0,369 811 2,87 4,629
7207 3,205 0,368 812 2,87 4,629
7215 3,204 0,368 813 2,87 4,629
7222 3,204 0,368 813 2,88 4,629
7230 3,204 0,368 814 2,88 4,629
7237 3,199 0,368 815 2,88 4,629
7245 3,199 0,368 816 2,88 4,629
7252 3,199 0,368 817 2,89 4,629
7260 3,199 0,368 817 2,89 4,629
7268 3,195 0,367 818 2,89 4,629
7275 3,195 0,367 819 2,89 4,629
7283 3,195 0,367 820 2,90 4,629
7290 3,190 0,367 820 2,90 4,629
7298 3,190 0,367 821 2,90 4,629
7305 3,190 0,367 822 2,90 4,629
7313 3,190 0,367 823 2,91 4,629
7320 3,185 0,366 823 2,91 4,629
7328 3,185 0,366 824 2,91 4,629
7336 3,185 0,366 825 2,91 4,629
7343 3,181 0,366 826 2,92 4,629
7351 3,181 0,366 827 2,92 4,629
7358 3,181 0,366 827 2,92 4,629
7366 3,177 0,365 828 2,92 4,629
7373 3,176 0,365 829 2,93 4,629
7381 3,176 0,365 830 2,93 4,629
7388 3,176 0,365 830 2,93 4,629
7396 3,172 0,365 831 2,93 4,629
7404 3,172 0,365 832 2,94 4,629
7411 3,172 0,365 833 2,94 4,629
7419 3,167 0,364 833 2,94 4,629
7426 3,167 0,364 834 2,94 4,629
7434 3,167 0,364 835 2,95 4,629
7441 3,163 0,364 836 2,95 4,629
7449 3,163 0,364 836 2,95 4,629
7456 3,163 0,364 837 2,95 4,629
7464 3,160 0,363 838 2,96 4,629
7472 3,158 0,363 839 2,96 4,629
7479 3,158 0,363 840 2,96 4,629
7487 3,154 0,363 840 2,96 4,629
7494 3,154 0,363 841 2,96 4,629
7502 3,154 0,363 842 2,97 4,629
7509 3,149 0,362 843 2,97 4,629
7517 3,149 0,362 843 2,97 4,629
7524 3,149 0,362 844 2,97 4,629
7532 3,145 0,361 845 2,98 4,629
7540 3,145 0,361 846 2,98 4,629
7547 3,145 0,361 846 2,98 4,629
7555 3,140 0,361 847 2,98 4,629
7562 3,140 0,361 848 2,99 4,629
7570 3,136 0,360 849 2,99 4,629
7577 3,136 0,360 849 2,99 4,629
7585 3,136 0,360 850 2,99 4,629
7592 3,131 0,360 851 3,00 4,629
7600 3,131 0,360 852 3,00 4,629
7608 3,127 0,359 852 3,00 4,629
7615 3,127 0,359 853 3,00 4,629
7623 3,127 0,359 854 3,01 4,629
7630 3,122 0,359 855 3,01 4,629
7638 3,122 0,359 855 3,01 4,629
7645 3,118 0,358 856 3,01 4,629
7653 3,118 0,358 857 3,01 4,629
7660 3,113 0,358 858 3,02 4,629
7668 3,113 0,358 858 3,02 4,629
7676 3,109 0,357 859 3,02 4,629
7683 3,109 0,357 860 3,02 4,629
7691 3,104 0,357 861 3,03 4,629
7698 3,104 0,357 861 3,03 4,629
7706 3,099 0,356 862 3,03 4,629
7713 3,099 0,356 863 3,03 4,629
7721 3,095 0,356 864 3,04 4,629
7728 3,095 0,356 864 3,04 4,629
7736 3,090 0,355 865 3,04 4,629
7744 3,090 0,355 866 3,04 4,629
7751 3,086 0,355 867 3,04 4,629
7759 3,081 0,354 867 3,05 4,629
7766 3,081 0,354 868 3,05 4,629
7774 3,077 0,354 869 3,05 4,629
7781 3,072 0,353 870 3,05 4,629
7789 3,072 0,353 870 3,06 4,629
7796 3,068 0,353 871 3,06 4,629
7804 3,064 0,352 872 3,06 4,629
7812 3,063 0,352 873 3,06 4,629
7819 3,059 0,352 873 3,07 4,629
7827 3,054 0,351 874 3,07 4,629
7834 3,054 0,351 875 3,07 4,629
7842 3,050 0,351 876 3,07 4,629
7849 3,045 0,350 876 3,07 4,629
7857 3,045 0,350 877 3,08 4,629
7864 3,041 0,350 878 3,08 4,629
7872 3,036 0,349 878 3,08 4,629
7879 3,035 0,349 879 3,08 4,629
7887 3,032 0,348 880 3,09 4,629
7895 3,027 0,348 881 3,09 4,629
7902 3,023 0,347 881 3,09 4,629
7910 3,018 0,347 882 3,09 4,629
7917 3,014 0,346 883 3,09 4,629
7925 3,009 0,346 884 3,10 4,629
7932 3,004 0,345 884 3,10 4,629
7940 3,004 0,345 885 3,10 4,629
7947 3,000 0,345 886 3,10 4,629

