
s   V   A   mAh   Wh   Vcc 
7 3,656 0,420 1 0,00 4,629
15 3,638 0,418 2 0,01 4,629
22 3,629 0,417 3 0,01 4,629
30 3,620 0,416 4 0,01 4,629
37 3,615 0,416 4 0,02 4,629
45 3,606 0,415 5 0,02 4,629
52 3,602 0,414 6 0,02 4,629
60 3,597 0,413 7 0,03 4,629
67 3,596 0,413 8 0,03 4,629
75 3,593 0,413 9 0,03 4,629
83 3,588 0,412 10 0,03 4,629
90 3,588 0,412 10 0,04 4,629
98 3,584 0,412 11 0,04 4,629
105 3,584 0,412 12 0,04 4,629
113 3,579 0,411 13 0,05 4,629
120 3,579 0,411 14 0,05 4,629
128 3,575 0,411 15 0,05 4,629
135 3,575 0,411 16 0,06 4,629
143 3,573 0,411 16 0,06 4,629
151 3,570 0,410 17 0,06 4,629
158 3,570 0,410 18 0,07 4,629
166 3,569 0,410 19 0,07 4,629
173 3,566 0,410 20 0,07 4,629
181 3,566 0,410 21 0,07 4,629
188 3,566 0,410 22 0,08 4,629
196 3,561 0,409 23 0,08 4,629
203 3,561 0,409 23 0,08 4,629
211 3,561 0,409 24 0,09 4,629
219 3,561 0,409 25 0,09 4,629
226 3,556 0,409 26 0,09 4,629
234 3,556 0,409 27 0,10 4,629
241 3,556 0,409 28 0,10 4,629
249 3,556 0,409 29 0,10 4,629
256 3,552 0,408 29 0,11 4,629
264 3,552 0,408 30 0,11 4,629
271 3,552 0,408 31 0,11 4,629
279 3,552 0,408 32 0,11 4,629
287 3,552 0,408 33 0,12 4,629
294 3,547 0,408 34 0,12 4,629
302 3,547 0,408 35 0,12 4,629
309 3,547 0,408 35 0,13 4,629
317 3,547 0,408 36 0,13 4,629
324 3,547 0,408 37 0,13 4,629
332 3,543 0,407 38 0,14 4,629
339 3,543 0,407 39 0,14 4,629
347 3,543 0,407 40 0,14 4,629
355 3,543 0,407 40 0,14 4,629
362 3,543 0,407 41 0,15 4,629
370 3,542 0,407 42 0,15 4,629
377 3,538 0,407 43 0,15 4,629
385 3,538 0,407 44 0,16 4,629
392 3,538 0,407 45 0,16 4,629
400 3,538 0,407 46 0,16 4,629
407 3,538 0,407 46 0,17 4,629
415 3,534 0,406 47 0,17 4,629
423 3,534 0,406 48 0,17 4,629
430 3,534 0,406 49 0,17 4,629
438 3,534 0,406 50 0,18 4,629
445 3,534 0,406 51 0,18 4,629
453 3,531 0,406 52 0,18 4,629
460 3,529 0,406 52 0,19 4,629
468 3,529 0,406 53 0,19 4,629
475 3,529 0,406 54 0,19 4,629
483 3,529 0,406 55 0,20 4,629
490 3,529 0,406 56 0,20 4,629
498 3,529 0,406 57 0,20 4,629
506 3,528 0,406 58 0,20 4,629
513 3,525 0,405 58 0,21 4,629
521 3,525 0,405 59 0,21 4,629
528 3,525 0,405 60 0,21 4,629
536 3,525 0,405 61 0,22 4,629
543 3,525 0,405 62 0,22 4,629
551 3,525 0,405 63 0,22 4,629
558 3,520 0,405 63 0,23 4,629
566 3,520 0,405 64 0,23 4,629
574 3,520 0,405 65 0,23 4,629
581 3,520 0,405 66 0,23 4,629
589 3,520 0,405 67 0,24 4,629
596 3,520 0,405 68 0,24 4,629
604 3,520 0,405 69 0,24 4,629
611 3,516 0,404 69 0,25 4,629
619 3,516 0,404 70 0,25 4,629
626 3,516 0,404 71 0,25 4,629
634 3,516 0,404 72 0,26 4,629
642 3,516 0,404 73 0,26 4,629
649 3,511 0,404 74 0,26 4,629
657 3,511 0,404 75 0,26 4,629
664 3,511 0,404 75 0,27 4,629
672 3,511 0,404 76 0,27 4,629
679 3,511 0,404 77 0,27 4,629
687 3,511 0,404 78 0,28 4,629
694 3,511 0,404 79 0,28 4,629
702 3,511 0,404 80 0,28 4,629
710 3,511 0,404 80 0,29 4,629
717 3,509 0,403 81 0,29 4,629
725 3,507 0,403 82 0,29 4,629
732 3,507 0,403 83 0,29 4,629
740 3,507 0,403 84 0,30 4,629
747 3,507 0,403 85 0,30 4,629
755 3,507 0,403 86 0,30 4,629
762 3,507 0,403 86 0,31 4,629
770 3,507 0,403 87 0,31 4,629
778 3,502 0,403 88 0,31 4,629
785 3,502 0,403 89 0,32 4,629
793 3,502 0,403 90 0,32 4,629
800 3,502 0,403 91 0,32 4,629
808 3,502 0,403 91 0,32 4,629
815 3,502 0,403 92 0,33 4,629
823 3,502 0,402 93 0,33 4,629
830 3,498 0,402 94 0,33 4,629
838 3,498 0,402 95 0,34 4,629
846 3,498 0,402 96 0,34 4,629
853 3,498 0,402 97 0,34 4,629
861 3,498 0,402 97 0,34 4,629
868 3,498 0,402 98 0,35 4,629
876 3,498 0,402 99 0,35 4,629
883 3,498 0,402 100 0,35 4,629
891 3,498 0,402 101 0,36 4,629
898 3,493 0,402 102 0,36 4,629
906 3,493 0,402 102 0,36 4,629
913 3,493 0,402 103 0,37 4,629
921 3,493 0,402 104 0,37 4,629
929 3,493 0,402 105 0,37 4,629
936 3,493 0,402 106 0,37 4,629
944 3,491 0,401 107 0,38 4,629
951 3,489 0,401 107 0,38 4,629
959 3,489 0,401 108 0,38 4,629
966 3,489 0,401 109 0,39 4,629
974 3,489 0,401 110 0,39 4,629
981 3,489 0,401 111 0,39 4,629
989 3,489 0,401 112 0,39 4,629
997 3,489 0,401 113 0,40 4,629
1004 3,489 0,401 113 0,40 4,629
1012 3,489 0,401 114 0,40 4,629
1019 3,485 0,401 115 0,41 4,629
1027 3,484 0,400 116 0,41 4,629
1034 3,484 0,400 117 0,41 4,629
1042 3,484 0,400 118 0,42 4,629
1049 3,484 0,400 118 0,42 4,629
1057 3,484 0,400 119 0,42 4,629
1065 3,484 0,400 120 0,42 4,629
1072 3,484 0,400 121 0,43 4,629
1080 3,480 0,400 122 0,43 4,629
1087 3,480 0,400 123 0,43 4,629
1095 3,480 0,400 123 0,44 4,629
1102 3,480 0,400 124 0,44 4,629
1110 3,480 0,400 125 0,44 4,629
1117 3,480 0,400 126 0,44 4,629
1125 3,480 0,400 127 0,45 4,629
1133 3,476 0,400 128 0,45 4,629
1140 3,475 0,399 128 0,45 4,629
1148 3,475 0,399 129 0,46 4,629
1155 3,475 0,399 130 0,46 4,629
1163 3,475 0,399 131 0,46 4,629
1170 3,475 0,399 132 0,46 4,629
1178 3,475 0,399 133 0,47 4,629
1185 3,475 0,399 133 0,47 4,629
1193 3,475 0,399 134 0,47 4,629
1201 3,475 0,399 135 0,48 4,629
1208 3,471 0,399 136 0,48 4,629
1216 3,471 0,399 137 0,48 4,629
1223 3,471 0,399 138 0,49 4,629
1231 3,471 0,399 139 0,49 4,629
1238 3,471 0,399 139 0,49 4,629
1246 3,471 0,399 140 0,49 4,629
1253 3,471 0,399 141 0,50 4,629
1261 3,471 0,399 142 0,50 4,629
1269 3,466 0,398 143 0,50 4,629
1276 3,466 0,398 144 0,51 4,629
1284 3,466 0,398 144 0,51 4,629
1291 3,466 0,398 145 0,51 4,629
1299 3,466 0,398 146 0,51 4,629
1306 3,466 0,398 147 0,52 4,629
1314 3,466 0,398 148 0,52 4,629
1321 3,466 0,398 149 0,52 4,629
1329 3,466 0,398 149 0,53 4,629
1336 3,461 0,398 150 0,53 4,629
1344 3,461 0,398 151 0,53 4,629
1352 3,461 0,398 152 0,53 4,629
1359 3,461 0,398 153 0,54 4,629
1367 3,461 0,398 154 0,54 4,629
1374 3,461 0,398 154 0,54 4,629
1382 3,461 0,398 155 0,55 4,629
1389 3,461 0,398 156 0,55 4,629
1397 3,461 0,398 157 0,55 4,629
1404 3,461 0,398 158 0,55 4,629
1412 3,457 0,397 159 0,56 4,629
1420 3,457 0,397 159 0,56 4,629
1427 3,457 0,397 160 0,56 4,629
1435 3,457 0,397 161 0,57 4,629
1442 3,457 0,397 162 0,57 4,629
1450 3,457 0,397 163 0,57 4,629
1457 3,457 0,397 164 0,57 4,629
1465 3,452 0,397 164 0,58 4,629
1472 3,452 0,397 165 0,58 4,629
1480 3,452 0,397 166 0,58 4,629
1488 3,452 0,397 167 0,59 4,629
1495 3,452 0,397 168 0,59 4,629
1503 3,452 0,397 169 0,59 4,629
1510 3,452 0,397 169 0,60 4,629
1518 3,452 0,397 170 0,60 4,629
1525 3,452 0,397 171 0,60 4,629
1533 3,452 0,397 172 0,60 4,629
1540 3,452 0,397 173 0,61 4,629
1548 3,450 0,397 174 0,61 4,629
1556 3,448 0,396 174 0,61 4,629
1563 3,448 0,396 175 0,62 4,629
1571 3,448 0,396 176 0,62 4,629
1578 3,448 0,396 177 0,62 4,629
1586 3,448 0,396 178 0,62 4,629
1593 3,448 0,396 179 0,63 4,629
1601 3,448 0,396 179 0,63 4,629
1608 3,448 0,396 180 0,63 4,629
1616 3,446 0,396 181 0,64 4,629
1624 3,443 0,396 182 0,64 4,629
1631 3,446 0,396 183 0,64 4,629
1639 3,443 0,396 184 0,64 4,629
1646 3,443 0,396 184 0,65 4,629
1654 3,443 0,396 185 0,65 4,629
1661 3,443 0,396 186 0,65 4,629
1669 3,443 0,396 187 0,66 4,629
1676 3,443 0,396 188 0,66 4,629
1684 3,443 0,396 189 0,66 4,629
1692 3,443 0,396 189 0,66 4,629
1699 3,439 0,395 190 0,67 4,629
1707 3,439 0,395 191 0,67 4,629
1714 3,439 0,395 192 0,67 4,629
1722 3,439 0,395 193 0,68 4,629
1729 3,439 0,395 193 0,68 4,629
1737 3,439 0,395 194 0,68 4,629
1744 3,439 0,395 195 0,68 4,629
1752 3,439 0,395 196 0,69 4,629
1760 3,436 0,395 197 0,69 4,629
1767 3,434 0,395 198 0,69 4,629
1775 3,434 0,395 198 0,70 4,629
1782 3,434 0,395 199 0,70 4,629
1790 3,434 0,395 200 0,70 4,629
1797 3,434 0,395 201 0,70 4,629
1805 3,434 0,395 202 0,71 4,629
1812 3,434 0,395 203 0,71 4,629
1820 3,430 0,394 203 0,71 4,629
1827 3,430 0,394 204 0,72 4,629
1835 3,430 0,394 205 0,72 4,629
1843 3,430 0,394 206 0,72 4,629
1850 3,430 0,394 207 0,72 4,629
1858 3,430 0,394 208 0,73 4,629
1865 3,430 0,394 208 0,73 4,629
1873 3,429 0,394 209 0,73 4,629
1880 3,425 0,394 210 0,73 4,629
1888 3,425 0,394 211 0,74 4,629
1895 3,425 0,394 212 0,74 4,629
1903 3,425 0,394 213 0,74 4,629
1911 3,425 0,394 213 0,75 4,629
1918 3,425 0,394 214 0,75 4,629
1926 3,425 0,394 215 0,75 4,629
1933 3,425 0,394 216 0,75 4,629
1941 3,424 0,394 217 0,76 4,629
1948 3,421 0,393 217 0,76 4,629
1956 3,421 0,393 218 0,76 4,629
1963 3,421 0,393 219 0,77 4,629
1971 3,421 0,393 220 0,77 4,629
1979 3,421 0,393 221 0,77 4,629
1986 3,421 0,393 222 0,77 4,629
1994 3,421 0,393 222 0,78 4,629
2001 3,421 0,393 223 0,78 4,629
2009 3,416 0,393 224 0,78 4,629
2016 3,416 0,393 225 0,79 4,629
2024 3,416 0,393 226 0,79 4,629
2031 3,416 0,393 227 0,79 4,629
2039 3,416 0,393 227 0,79 4,629
2047 3,416 0,393 228 0,80 4,629
2054 3,416 0,393 229 0,80 4,629
2062 3,416 0,393 230 0,80 4,629
2069 3,416 0,393 231 0,81 4,629
2077 3,414 0,392 232 0,81 4,629
2084 3,412 0,392 232 0,81 4,629
2092 3,412 0,392 233 0,81 4,629
2099 3,412 0,392 234 0,82 4,629
2107 3,412 0,392 235 0,82 4,629
2115 3,412 0,392 236 0,82 4,629
2122 3,412 0,392 236 0,83 4,629
2130 3,412 0,392 237 0,83 4,629
2137 3,412 0,392 238 0,83 4,629
2145 3,407 0,392 239 0,83 4,629
2152 3,407 0,392 240 0,84 4,629
2160 3,407 0,392 241 0,84 4,629
2167 3,407 0,392 241 0,84 4,629
2175 3,407 0,392 242 0,84 4,629
2183 3,403 0,391 243 0,85 4,629
2190 3,407 0,392 244 0,85 4,629
2198 3,403 0,391 245 0,85 4,629
2205 3,399 0,391 245 0,86 4,629
2213 3,403 0,391 246 0,86 4,629
2220 3,403 0,391 247 0,86 4,629
2228 3,403 0,391 248 0,86 4,629
2235 3,403 0,391 249 0,87 4,629
2243 3,403 0,391 250 0,87 4,629
2251 3,403 0,391 250 0,87 4,629
2258 3,403 0,391 251 0,88 4,629
2266 3,398 0,391 252 0,88 4,629
2273 3,398 0,391 253 0,88 4,629
2281 3,398 0,391 254 0,88 4,629
2288 3,398 0,391 254 0,89 4,629
2296 3,398 0,391 255 0,89 4,629
2303 3,398 0,391 256 0,89 4,629
2311 3,398 0,391 257 0,89 4,629
2318 3,398 0,391 258 0,90 4,629
2326 3,398 0,391 259 0,90 4,629
2334 3,397 0,390 259 0,90 4,629
2341 3,394 0,390 260 0,91 4,629
2349 3,394 0,390 261 0,91 4,629
2356 3,394 0,390 262 0,91 4,629
2364 3,394 0,390 263 0,91 4,629
2371 3,390 0,390 264 0,92 4,629
2379 3,394 0,390 264 0,92 4,629
2386 3,394 0,390 265 0,92 4,629
2394 3,394 0,390 266 0,93 4,629
2402 3,394 0,390 267 0,93 4,629
2409 3,389 0,390 268 0,93 4,629
2417 3,389 0,390 268 0,93 4,629
2424 3,389 0,390 269 0,94 4,629
2432 3,389 0,390 270 0,94 4,629
2439 3,389 0,390 271 0,94 4,629
2447 3,389 0,390 272 0,94 4,629
2454 3,381 0,389 273 0,95 4,629
2462 3,385 0,389 273 0,95 4,629
2470 3,389 0,390 274 0,95 4,629
2477 3,385 0,389 275 0,96 4,629
2485 3,384 0,389 276 0,96 4,629
2492 3,383 0,389 277 0,96 4,629
2500 3,385 0,389 277 0,96 4,629
2507 3,382 0,389 278 0,97 4,629
2515 3,383 0,389 279 0,97 4,629
2523 3,385 0,389 280 0,97 4,629
2530 3,385 0,389 281 0,98 4,629
2538 3,380 0,389 281 0,98 4,629
2545 3,380 0,389 282 0,98 4,629
2553 3,380 0,389 283 0,98 4,629
2560 3,380 0,389 284 0,99 4,629
2568 3,380 0,389 285 0,99 4,629
2575 3,380 0,389 286 0,99 4,629
2583 3,380 0,389 286 0,99 4,629
2591 3,380 0,389 287 1,00 4,629
2598 3,380 0,389 288 1,00 4,629
2606 3,380 0,389 289 1,00 4,629
2613 3,375 0,388 290 1,01 4,629
2621 3,375 0,388 290 1,01 4,629
2628 3,375 0,388 291 1,01 4,629
2636 3,375 0,388 292 1,01 4,629
2643 3,375 0,388 293 1,02 4,629
2651 3,375 0,388 294 1,02 4,629
2658 3,375 0,388 295 1,02 4,629
2666 3,375 0,388 295 1,02 4,629
2674 3,375 0,388 296 1,03 4,629
2681 3,371 0,387 297 1,03 4,629
2689 3,371 0,387 298 1,03 4,629
2696 3,371 0,387 299 1,04 4,629
2704 3,371 0,387 299 1,04 4,629
2711 3,371 0,387 300 1,04 4,629
2719 3,371 0,387 301 1,04 4,629
2726 3,371 0,387 302 1,05 4,629
2734 3,371 0,387 303 1,05 4,629
2742 3,370 0,387 303 1,05 4,629
2749 3,366 0,387 304 1,05 4,629
2757 3,366 0,387 305 1,06 4,629
2764 3,366 0,387 306 1,06 4,629
2772 3,366 0,387 307 1,06 4,629
2779 3,366 0,387 308 1,07 4,629
2787 3,366 0,387 308 1,07 4,629
2794 3,366 0,387 309 1,07 4,629
2802 3,366 0,387 310 1,07 4,629
2810 3,362 0,386 311 1,08 4,629
2817 3,362 0,386 312 1,08 4,629
2825 3,362 0,386 312 1,08 4,629
2832 3,362 0,386 313 1,08 4,629
2840 3,362 0,386 314 1,09 4,629
2847 3,362 0,386 315 1,09 4,629
2855 3,362 0,386 316 1,09 4,629
2862 3,362 0,386 316 1,10 4,629
2870 3,362 0,386 317 1,10 4,629
2878 3,357 0,386 318 1,10 4,629
2885 3,357 0,386 319 1,10 4,629
2893 3,357 0,386 320 1,11 4,629
2900 3,357 0,386 320 1,11 4,629
2908 3,357 0,386 321 1,11 4,629
2915 3,357 0,386 322 1,11 4,629
2923 3,357 0,386 323 1,12 4,629
2930 3,355 0,386 324 1,12 4,629
2938 3,353 0,385 325 1,12 4,629
2946 3,353 0,385 325 1,13 4,629
2953 3,353 0,385 326 1,13 4,629
2961 3,353 0,385 327 1,13 4,629
2968 3,353 0,385 328 1,13 4,629
2976 3,353 0,385 329 1,14 4,629
2983 3,353 0,385 329 1,14 4,629
2991 3,353 0,385 330 1,14 4,629
2998 3,348 0,385 331 1,14 4,629
3006 3,348 0,385 332 1,15 4,629
3014 3,348 0,385 333 1,15 4,629
3021 3,348 0,385 333 1,15 4,629
3029 3,348 0,385 334 1,16 4,629
3036 3,348 0,385 335 1,16 4,629
3044 3,348 0,385 336 1,16 4,629
3051 3,344 0,384 337 1,16 4,629
3059 3,344 0,384 337 1,17 4,629
3066 3,344 0,384 338 1,17 4,629
3074 3,344 0,384 339 1,17 4,629
3082 3,344 0,384 340 1,17 4,629
3089 3,344 0,384 341 1,18 4,629
3097 3,344 0,384 342 1,18 4,629
3104 3,343 0,384 342 1,18 4,629
3112 3,339 0,384 343 1,19 4,629
3119 3,339 0,384 344 1,19 4,629
3127 3,339 0,384 345 1,19 4,629
3134 3,339 0,384 346 1,19 4,629
3142 3,339 0,384 346 1,20 4,629
3149 3,339 0,384 347 1,20 4,629
3157 3,339 0,384 348 1,20 4,629
3165 3,338 0,384 349 1,20 4,629
3172 3,335 0,383 350 1,21 4,629
3180 3,335 0,383 350 1,21 4,629
3187 3,335 0,383 351 1,21 4,629
3195 3,335 0,383 352 1,21 4,629
3202 3,335 0,383 353 1,22 4,629
3210 3,335 0,383 354 1,22 4,629
3217 3,330 0,383 354 1,22 4,629
3225 3,330 0,383 355 1,23 4,629
3233 3,330 0,383 356 1,23 4,629
3240 3,330 0,383 357 1,23 4,629
3248 3,330 0,383 358 1,23 4,629
3255 3,330 0,383 358 1,24 4,629
3263 3,330 0,383 359 1,24 4,629
3270 3,328 0,382 360 1,24 4,629
3278 3,326 0,382 361 1,24 4,629
3285 3,326 0,382 362 1,25 4,629
3293 3,326 0,382 362 1,25 4,629
3301 3,326 0,382 363 1,25 4,629
3308 3,326 0,382 364 1,25 4,629
3316 3,326 0,382 365 1,26 4,629
3323 3,321 0,382 366 1,26 4,629
3331 3,321 0,382 366 1,26 4,629
3338 3,321 0,382 367 1,27 4,629
3346 3,321 0,382 368 1,27 4,629
3353 3,321 0,382 369 1,27 4,629
3361 3,321 0,382 370 1,27 4,629
3369 3,321 0,382 370 1,28 4,629
3376 3,318 0,381 371 1,28 4,629
3384 3,317 0,381 372 1,28 4,629
3391 3,317 0,381 373 1,28 4,629
3399 3,317 0,381 374 1,29 4,629
3406 3,317 0,381 374 1,29 4,629
3414 3,317 0,381 375 1,29 4,629
3421 3,317 0,381 376 1,29 4,629
3429 3,314 0,381 377 1,30 4,629
3437 3,312 0,381 378 1,30 4,629
3444 3,312 0,381 378 1,30 4,629
3452 3,312 0,381 379 1,31 4,629
3459 3,312 0,381 380 1,31 4,629
3467 3,312 0,381 381 1,31 4,629
3474 3,312 0,381 382 1,31 4,629
3482 3,308 0,380 382 1,32 4,629
3489 3,308 0,380 383 1,32 4,629
3497 3,308 0,380 384 1,32 4,629
3505 3,308 0,380 385 1,32 4,629
3512 3,308 0,380 386 1,33 4,629
3520 3,308 0,380 386 1,33 4,629
3527 3,303 0,380 387 1,33 4,629
3535 3,303 0,380 388 1,33 4,629
3542 3,303 0,380 389 1,34 4,629
3550 3,303 0,380 390 1,34 4,629
3557 3,303 0,380 390 1,34 4,629
3565 3,303 0,380 391 1,34 4,629
3572 3,303 0,380 392 1,35 4,629
3580 3,299 0,379 393 1,35 4,629
3588 3,299 0,379 394 1,35 4,629
3595 3,299 0,379 394 1,36 4,629
3603 3,299 0,379 395 1,36 4,629
3610 3,299 0,379 396 1,36 4,629
3618 3,299 0,379 397 1,36 4,629
3625 3,297 0,379 398 1,37 4,629
3633 3,294 0,379 398 1,37 4,629
3640 3,294 0,379 399 1,37 4,629
3648 3,294 0,379 400 1,37 4,629
3656 3,294 0,379 401 1,38 4,629
3663 3,294 0,379 402 1,38 4,629
3671 3,290 0,378 402 1,38 4,629
3678 3,290 0,378 403 1,38 4,629
3686 3,290 0,378 404 1,39 4,629
3693 3,290 0,378 405 1,39 4,629
3701 3,290 0,378 405 1,39 4,629
3708 3,285 0,378 406 1,39 4,629
3716 3,285 0,378 407 1,40 4,629
3724 3,285 0,378 408 1,40 4,629
3731 3,285 0,378 409 1,40 4,629
3739 3,285 0,378 409 1,41 4,629
3746 3,285 0,378 410 1,41 4,629
3754 3,280 0,377 411 1,41 4,629
3761 3,280 0,377 412 1,41 4,629
3769 3,280 0,377 413 1,42 4,629
3776 3,280 0,377 413 1,42 4,629
3784 3,280 0,377 414 1,42 4,629
3792 3,280 0,377 415 1,42 4,629
3799 3,276 0,377 416 1,43 4,629
3807 3,276 0,377 417 1,43 4,629
3814 3,276 0,377 417 1,43 4,629
3822 3,276 0,377 418 1,43 4,629
3829 3,276 0,377 419 1,44 4,629
3837 3,275 0,376 420 1,44 4,629
3844 3,271 0,376 421 1,44 4,629
3852 3,271 0,376 421 1,44 4,629
3860 3,271 0,376 422 1,45 4,629
3867 3,271 0,376 423 1,45 4,629
3875 3,271 0,376 424 1,45 4,629
3882 3,267 0,376 424 1,45 4,629
3890 3,267 0,376 425 1,46 4,629
3897 3,267 0,376 426 1,46 4,629
3905 3,267 0,376 427 1,46 4,629
3912 3,267 0,376 428 1,46 4,629
3920 3,262 0,375 428 1,47 4,629
3927 3,262 0,375 429 1,47 4,629
3935 3,262 0,375 430 1,47 4,629
3943 3,262 0,375 431 1,47 4,629
3950 3,262 0,375 432 1,48 4,629
3958 3,262 0,375 432 1,48 4,629
3965 3,258 0,374 433 1,48 4,629
3973 3,258 0,374 434 1,49 4,629
3980 3,258 0,374 435 1,49 4,629
3988 3,258 0,374 435 1,49 4,629
3995 3,258 0,374 436 1,49 4,629
4003 3,256 0,374 437 1,50 4,629
4011 3,253 0,374 438 1,50 4,629
4018 3,253 0,374 439 1,50 4,629
4026 3,253 0,374 439 1,50 4,629
4033 3,253 0,374 440 1,51 4,629
4041 3,253 0,374 441 1,51 4,629
4048 3,249 0,373 442 1,51 4,629
4056 3,249 0,373 443 1,51 4,629
4063 3,249 0,373 443 1,52 4,629
4071 3,249 0,373 444 1,52 4,629
4079 3,249 0,373 445 1,52 4,629
4086 3,244 0,373 446 1,52 4,629
4094 3,244 0,373 446 1,53 4,629
4101 3,244 0,373 447 1,53 4,629
4109 3,244 0,373 448 1,53 4,629
4116 3,240 0,372 449 1,53 4,629
4124 3,240 0,372 450 1,54 4,629
4131 3,240 0,372 450 1,54 4,629
4139 3,235 0,372 451 1,54 4,629
4147 3,240 0,372 452 1,54 4,629
4154 3,235 0,372 453 1,55 4,629
4162 3,235 0,372 453 1,55 4,629
4169 3,235 0,372 454 1,55 4,629
4177 3,235 0,372 455 1,55 4,629
4184 3,231 0,371 456 1,56 4,629
4192 3,231 0,371 457 1,56 4,629
4199 3,231 0,371 457 1,56 4,629
4207 3,231 0,371 458 1,56 4,629
4215 3,231 0,371 459 1,57 4,629
4222 3,226 0,371 460 1,57 4,629
4230 3,226 0,371 460 1,57 4,629
4237 3,226 0,371 461 1,57 4,629
4245 3,226 0,371 462 1,58 4,629
4252 3,222 0,370 463 1,58 4,629
4260 3,222 0,370 464 1,58 4,629
4267 3,222 0,370 464 1,58 4,629
4275 3,222 0,370 465 1,59 4,629
4282 3,222 0,370 466 1,59 4,629
4290 3,217 0,370 467 1,59 4,629
4298 3,217 0,370 467 1,59 4,629
4305 3,217 0,370 468 1,60 4,629
4313 3,217 0,370 469 1,60 4,629
4320 3,216 0,370 470 1,60 4,629
4328 3,213 0,369 471 1,60 4,629
4335 3,213 0,369 471 1,61 4,629
4343 3,213 0,369 472 1,61 4,629
4350 3,213 0,369 473 1,61 4,629
4358 3,208 0,369 474 1,61 4,629
4366 3,208 0,369 474 1,62 4,629
4373 3,208 0,369 475 1,62 4,629
4381 3,208 0,369 476 1,62 4,629
4388 3,204 0,368 477 1,62 4,629
4396 3,204 0,368 478 1,63 4,629
4403 3,204 0,368 478 1,63 4,629
4411 3,204 0,368 479 1,63 4,629
4418 3,199 0,368 480 1,63 4,629
4426 3,199 0,368 481 1,64 4,629
4434 3,199 0,368 481 1,64 4,629
4441 3,199 0,368 482 1,64 4,629
4449 3,199 0,368 483 1,64 4,629
4456 3,195 0,367 484 1,65 4,629
4464 3,195 0,367 484 1,65 4,629
4471 3,195 0,367 485 1,65 4,629
4479 3,195 0,367 486 1,65 4,629
4486 3,195 0,367 487 1,66 4,629
4494 3,190 0,367 488 1,66 4,629
4502 3,190 0,367 488 1,66 4,629
4509 3,190 0,367 489 1,66 4,629
4517 3,190 0,367 490 1,67 4,629
4524 3,190 0,367 491 1,67 4,629
4532 3,185 0,366 491 1,67 4,629
4539 3,185 0,366 492 1,67 4,629
4547 3,185 0,366 493 1,68 4,629
4554 3,185 0,366 494 1,68 4,629
4562 3,181 0,366 494 1,68 4,629
4570 3,181 0,366 495 1,68 4,629
4577 3,181 0,366 496 1,69 4,629
4585 3,181 0,366 497 1,69 4,629
4592 3,181 0,366 498 1,69 4,629
4600 3,176 0,365 498 1,69 4,629
4607 3,176 0,365 499 1,69 4,629
4615 3,176 0,365 500 1,70 4,629
4622 3,176 0,365 501 1,70 4,629
4630 3,176 0,365 501 1,70 4,629
4637 3,172 0,365 502 1,70 4,629
4645 3,172 0,365 503 1,71 4,629
4653 3,172 0,365 504 1,71 4,629
4660 3,167 0,364 504 1,71 4,629
4668 3,167 0,364 505 1,71 4,629
4675 3,167 0,364 506 1,72 4,629
4683 3,167 0,364 507 1,72 4,629
4690 3,167 0,364 507 1,72 4,629
4698 3,164 0,364 508 1,72 4,629
4705 3,163 0,364 509 1,73 4,629
4713 3,163 0,364 510 1,73 4,629
4721 3,163 0,364 511 1,73 4,629
4728 3,163 0,364 511 1,73 4,629
4736 3,158 0,363 512 1,74 4,629
4743 3,158 0,363 513 1,74 4,629
4751 3,158 0,363 514 1,74 4,629
4758 3,158 0,363 514 1,74 4,629
4766 3,154 0,363 515 1,75 4,629
4773 3,154 0,363 516 1,75 4,629
4781 3,154 0,363 517 1,75 4,629
4789 3,154 0,363 517 1,75 4,629
4796 3,149 0,362 518 1,76 4,629
4804 3,149 0,362 519 1,76 4,629
4811 3,149 0,362 520 1,76 4,629
4819 3,149 0,362 520 1,76 4,629
4826 3,146 0,362 521 1,76 4,629
4834 3,145 0,361 522 1,77 4,629
4841 3,145 0,361 523 1,77 4,629
4849 3,145 0,361 523 1,77 4,629
4857 3,145 0,361 524 1,77 4,629
4864 3,140 0,361 525 1,78 4,629
4872 3,140 0,361 526 1,78 4,629
4879 3,140 0,361 527 1,78 4,629
4887 3,140 0,361 527 1,78 4,629
4894 3,136 0,360 528 1,79 4,629
4902 3,136 0,360 529 1,79 4,629
4909 3,136 0,360 530 1,79 4,629
4917 3,131 0,360 530 1,79 4,629
4925 3,131 0,360 531 1,80 4,629
4932 3,131 0,360 532 1,80 4,629
4940 3,131 0,360 533 1,80 4,629
4947 3,127 0,359 533 1,80 4,629
4955 3,127 0,359 534 1,81 4,629
4962 3,127 0,359 535 1,81 4,629
4970 3,127 0,359 536 1,81 4,629
4977 3,122 0,359 536 1,81 4,629
4985 3,122 0,359 537 1,81 4,629
4992 3,122 0,359 538 1,82 4,629
5000 3,122 0,359 539 1,82 4,629
5008 3,118 0,358 539 1,82 4,629
5015 3,118 0,358 540 1,82 4,629
5023 3,118 0,358 541 1,83 4,629
5030 3,118 0,358 542 1,83 4,629
5038 3,113 0,358 542 1,83 4,629
5045 3,113 0,358 543 1,83 4,629
5053 3,113 0,358 544 1,84 4,629
5060 3,110 0,358 545 1,84 4,629
5068 3,109 0,357 545 1,84 4,629
5076 3,109 0,357 546 1,84 4,629
5083 3,109 0,357 547 1,84 4,629
5091 3,109 0,357 548 1,85 4,629
5098 3,104 0,357 548 1,85 4,629
5106 3,104 0,357 549 1,85 4,629
5113 3,104 0,357 550 1,85 4,629
5121 3,104 0,357 551 1,86 4,629
5128 3,099 0,356 551 1,86 4,629
5136 3,099 0,356 552 1,86 4,629
5144 3,099 0,356 553 1,86 4,629
5151 3,099 0,356 554 1,87 4,629
5159 3,095 0,356 554 1,87 4,629
5166 3,095 0,356 555 1,87 4,629
5174 3,095 0,356 556 1,87 4,629
5181 3,095 0,356 557 1,88 4,629
5189 3,090 0,355 557 1,88 4,629
5196 3,090 0,355 558 1,88 4,629
5204 3,090 0,355 559 1,88 4,629
5212 3,088 0,355 560 1,88 4,629
5219 3,086 0,355 560 1,89 4,629
5227 3,086 0,355 561 1,89 4,629
5234 3,086 0,355 562 1,89 4,629
5242 3,081 0,354 563 1,89 4,629
5249 3,081 0,354 563 1,90 4,629
5257 3,081 0,354 564 1,90 4,629
5264 3,077 0,354 565 1,90 4,629
5272 3,077 0,354 565 1,90 4,629
5280 3,077 0,354 566 1,90 4,629
5287 3,077 0,354 567 1,91 4,629
5295 3,072 0,353 568 1,91 4,629
5302 3,072 0,353 568 1,91 4,629
5310 3,072 0,353 569 1,91 4,629
5317 3,068 0,353 570 1,92 4,629
5325 3,068 0,353 571 1,92 4,629
5332 3,068 0,353 571 1,92 4,629
5340 3,063 0,352 572 1,92 4,629
5348 3,063 0,352 573 1,93 4,629
5355 3,063 0,352 574 1,93 4,629
5363 3,059 0,352 574 1,93 4,629
5370 3,059 0,352 575 1,93 4,629
5378 3,059 0,352 576 1,93 4,629
5385 3,054 0,351 577 1,94 4,629
5393 3,054 0,351 577 1,94 4,629
5400 3,054 0,351 578 1,94 4,629
5408 3,050 0,351 579 1,94 4,629
5415 3,050 0,351 580 1,95 4,629
5423 3,050 0,351 580 1,95 4,629
5431 3,045 0,350 581 1,95 4,629
5438 3,045 0,350 582 1,95 4,629
5446 3,041 0,350 582 1,95 4,629
5453 3,041 0,350 583 1,96 4,629
5461 3,041 0,350 584 1,96 4,629
5468 3,036 0,349 585 1,96 4,629
5476 3,036 0,349 585 1,96 4,629
5483 3,032 0,349 586 1,97 4,629
5491 3,032 0,348 587 1,97 4,629
5499 3,032 0,348 588 1,97 4,629
5506 3,027 0,348 588 1,97 4,629
5514 3,027 0,348 589 1,97 4,629
5521 3,023 0,347 590 1,98 4,629
5529 3,023 0,347 590 1,98 4,629
5536 3,018 0,347 591 1,98 4,629
5544 3,018 0,347 592 1,98 4,629
5551 3,014 0,346 593 1,99 4,629
5559 3,014 0,346 593 1,99 4,629
5567 3,009 0,346 594 1,99 4,629
5574 3,009 0,346 595 1,99 4,629
5582 3,004 0,345 596 1,99 4,629
5589 3,004 0,345 596 2,00 4,629
5597 3,000 0,345 597 2,00 4,629
Test is done
